10
28 29 28 27 27 26 25 24 23 22 
29 30 29 28 28 27 26 25 24 23 
28 29 28 28 29 28 27 26 25 24 
27 28 28 29 30 29 28 27 26 25 
26 27 27 28 29 28 27 26 25 24 
25 26 26 27 28 27 26 25 24 23 
24 25 25 26 27 26 25 24 23 22 
23 24 24 25 26 25 24 23 22 21 
22 23 23 24 25 24 23 22 21 20 
21 22 22 23 24 23 22 21 20 19 
