100
258 259 260 261 262 263 262 261 260 259 258 257 256 255 254 253 252 253 254 255 256 257 258 259 260 261 262 263 262 261 260 259 258 258 259 260 261 262 263 264 265 266 267 268 269 270 271 272 273 274 275 276 277 278 279 280 281 282 283 284 285 286 287 288 289 290 291 290 289 288 287 286 285 284 283 282 281 280 279 278 277 276 275 274 273 274 275 276 277 278 279 280 281 282 283 284 283 282 281 280 
259 260 261 262 263 264 263 262 261 260 259 258 257 256 255 254 253 254 255 256 257 258 259 260 261 262 263 264 263 262 261 260 259 259 260 261 262 263 264 265 266 267 268 269 270 271 272 273 274 275 276 277 278 279 280 281 282 283 284 285 286 287 288 289 290 291 292 291 290 289 288 287 286 285 284 283 282 281 280 279 278 277 276 275 274 275 276 277 278 279 280 281 282 283 284 285 284 283 282 281 
260 261 262 263 264 265 264 263 262 261 260 259 258 257 256 255 254 255 256 257 258 259 260 261 262 263 264 265 264 263 262 261 260 260 261 262 263 264 265 266 267 268 269 270 271 272 273 274 275 276 277 278 279 280 281 282 283 284 285 286 287 288 289 290 291 292 293 292 291 290 289 288 287 286 285 284 283 282 281 280 279 278 277 276 275 276 277 278 279 280 281 282 283 284 285 286 285 284 283 282 
261 262 263 264 265 266 265 264 263 262 261 260 259 258 257 256 255 256 257 258 259 260 261 262 263 264 265 266 265 264 263 262 261 261 262 263 264 265 266 267 268 269 270 271 272 273 274 275 276 277 278 279 280 281 282 283 284 285 286 287 288 289 290 291 292 293 294 293 292 291 290 289 288 287 286 285 284 283 282 281 280 279 278 277 276 277 278 279 280 281 282 283 284 285 286 287 286 285 284 283 
262 263 264 265 266 267 266 265 264 263 262 261 260 259 258 257 256 257 258 259 260 261 262 263 264 265 266 267 266 265 264 263 262 262 263 264 265 266 267 268 269 270 271 272 273 274 275 276 277 278 279 280 281 282 283 284 285 286 287 288 289 290 291 292 293 294 295 294 293 292 291 290 289 288 287 286 285 284 283 282 281 280 279 278 277 278 279 280 281 282 283 284 285 286 287 288 287 286 285 284 
263 264 265 266 267 268 267 266 265 264 263 262 261 260 259 258 257 258 259 260 261 262 263 264 265 266 267 268 267 266 265 264 263 263 264 265 266 267 268 269 270 271 272 273 274 275 276 277 278 279 280 281 282 283 284 285 286 287 288 289 290 291 292 293 294 295 296 295 294 293 292 291 290 289 288 287 286 285 284 283 282 281 280 279 278 279 280 281 282 283 284 285 286 287 288 289 288 287 286 285 
264 265 266 267 268 269 268 267 266 265 264 263 262 261 260 259 258 259 260 261 262 263 264 265 266 267 268 269 268 267 266 265 264 264 265 266 267 268 269 270 271 272 273 274 275 276 277 278 279 280 281 282 283 284 285 286 287 288 289 290 291 292 293 294 295 296 297 296 295 294 293 292 291 290 289 288 287 286 285 284 283 282 281 280 279 280 281 282 283 284 285 286 287 288 289 290 289 288 287 286 
265 266 267 268 269 270 269 268 267 266 265 264 263 262 261 260 259 260 261 262 263 264 265 266 267 268 269 270 269 268 267 266 265 265 266 267 268 269 270 271 272 273 274 275 276 277 278 279 280 281 282 283 284 285 286 287 288 289 290 291 292 293 294 295 296 297 298 297 296 295 294 293 292 291 290 289 288 287 286 285 284 283 282 281 280 281 282 283 284 285 286 287 288 289 290 291 290 289 288 287 
266 267 268 269 270 271 270 269 268 267 266 265 264 263 262 261 260 261 262 263 264 265 266 267 268 269 270 271 270 269 268 267 266 266 267 268 269 270 271 272 273 274 275 276 277 278 279 280 281 282 283 284 285 286 287 288 289 290 291 292 293 294 295 296 297 298 299 298 297 296 295 294 293 292 291 290 289 288 287 286 285 284 283 282 281 282 283 284 285 286 287 288 289 290 291 292 291 290 289 288 
267 268 269 270 271 272 271 270 269 268 267 266 265 264 263 262 261 262 263 264 265 266 267 268 269 270 271 272 271 270 269 268 267 267 268 269 270 271 272 273 274 275 276 277 278 279 280 281 282 283 284 285 286 287 288 289 290 291 292 293 294 295 296 297 298 299 300 299 298 297 296 295 294 293 292 291 290 289 288 287 286 285 284 283 282 283 284 285 286 287 288 289 290 291 292 293 292 291 290 289 
268 269 270 271 272 273 272 271 270 269 268 267 266 265 264 263 262 263 264 265 266 267 268 269 270 271 272 273 272 271 270 269 268 267 267 268 269 270 271 272 273 274 275 276 277 278 279 280 281 282 283 284 285 286 287 288 289 290 291 292 293 294 295 296 297 298 299 298 297 296 295 294 293 292 291 290 289 288 287 286 285 284 283 282 283 284 285 286 287 288 289 290 291 292 293 294 293 292 291 290 
269 270 271 272 273 274 273 272 271 270 269 268 267 266 265 264 263 264 265 266 267 268 269 270 271 272 273 274 273 272 271 270 269 268 267 267 268 269 270 271 272 273 274 275 276 277 278 279 280 281 282 283 284 285 286 287 288 289 290 291 292 293 294 295 296 297 298 297 296 295 294 293 292 291 290 289 288 287 286 285 284 283 282 283 284 285 286 287 288 289 290 291 292 293 294 295 294 293 292 291 
270 271 272 273 274 275 274 273 272 271 270 269 268 267 266 265 264 265 266 267 268 269 270 271 272 273 274 275 274 273 272 271 270 269 268 267 267 268 269 270 271 272 273 274 275 276 277 278 279 280 281 282 283 284 285 286 287 288 289 290 291 292 293 294 295 296 297 296 295 294 293 292 291 290 289 288 287 286 285 284 283 282 283 284 285 286 287 288 289 290 291 292 293 294 295 296 295 294 293 292 
271 272 273 274 275 276 275 274 273 272 271 270 269 268 267 266 265 266 267 268 269 270 271 272 273 274 275 276 275 274 273 272 271 270 269 268 267 267 268 269 270 271 272 273 274 275 276 277 278 279 280 281 282 283 284 285 286 287 288 289 290 291 292 293 294 295 296 295 294 293 292 291 290 289 288 287 286 285 284 283 282 283 284 285 286 287 288 289 290 291 292 293 294 295 296 297 296 295 294 293 
272 273 274 275 276 277 276 275 274 273 272 271 270 269 268 267 266 267 268 269 270 271 272 273 274 275 276 277 276 275 274 273 272 271 270 269 268 267 267 268 269 270 271 272 273 274 275 276 277 278 279 280 281 282 283 284 285 286 287 288 289 290 291 292 293 294 295 294 293 292 291 290 289 288 287 286 285 284 283 282 283 284 285 286 287 288 289 290 291 292 293 294 295 296 297 298 297 296 295 294 
273 274 275 276 277 278 277 276 275 274 273 272 271 270 269 268 267 268 269 270 271 272 273 274 275 276 277 278 277 276 275 274 273 272 271 270 269 268 267 267 268 269 270 271 272 273 274 275 276 277 278 279 280 281 282 283 284 285 286 287 288 289 290 291 292 293 294 293 292 291 290 289 288 287 286 285 284 283 282 283 284 285 286 287 288 289 290 291 292 293 294 295 296 297 298 299 298 297 296 295 
274 275 276 277 278 279 278 277 276 275 274 273 272 271 270 269 268 269 270 271 272 273 274 275 276 277 278 279 278 277 276 275 274 273 272 271 270 269 268 267 267 268 269 270 271 272 273 274 275 276 277 278 279 280 281 282 283 284 285 286 287 288 289 290 291 292 293 292 291 290 289 288 287 286 285 284 283 282 283 284 285 286 287 288 289 290 291 292 293 294 295 296 297 298 299 300 299 298 297 296 
275 276 277 278 279 280 279 278 277 276 275 274 273 272 271 270 269 270 271 272 273 274 275 276 277 278 279 280 279 278 277 276 275 274 273 272 271 270 269 268 267 267 268 269 270 271 272 273 274 275 276 277 278 279 280 281 282 283 284 285 286 287 288 289 290 291 292 291 290 289 288 287 286 285 284 283 282 281 282 283 284 285 286 287 288 289 290 291 292 293 294 295 296 297 298 299 298 297 296 295 
276 277 278 279 280 281 280 279 278 277 276 275 274 273 272 271 270 271 272 273 274 275 276 277 278 279 280 281 280 279 278 277 276 275 274 273 272 271 270 269 268 267 267 268 269 270 271 272 273 274 275 276 277 278 279 280 281 282 283 284 285 286 287 288 289 290 291 290 289 288 287 286 285 284 283 282 281 280 281 282 283 284 285 286 287 288 289 290 291 292 293 294 295 296 297 298 297 296 295 294 
277 278 279 280 281 282 281 280 279 278 277 276 275 274 273 272 271 272 273 274 275 276 277 278 279 280 281 282 281 280 279 278 277 276 275 274 273 272 271 270 269 268 267 267 268 269 270 271 272 273 274 275 276 277 278 279 280 281 282 283 284 285 286 287 288 289 290 289 288 287 286 285 284 283 282 281 280 279 280 281 282 283 284 285 286 287 288 289 290 291 292 293 294 295 296 297 296 295 294 293 
278 279 280 281 282 283 282 281 280 279 278 277 276 275 274 273 272 273 274 275 276 277 278 279 280 281 282 283 282 281 280 279 278 277 276 275 274 273 272 271 270 269 268 268 269 270 271 272 273 274 275 276 277 278 279 280 281 282 283 284 283 284 285 286 287 288 289 288 287 286 285 284 283 282 281 280 279 278 279 280 281 282 283 284 285 286 287 288 289 290 291 292 293 294 295 296 295 294 293 292 
279 280 281 282 283 284 283 282 281 280 279 278 277 276 275 274 273 274 275 276 277 278 279 280 281 282 283 284 283 282 281 280 279 278 277 276 275 274 273 272 271 270 269 269 270 271 272 273 274 275 276 277 278 279 280 281 282 283 284 285 284 283 284 285 286 287 288 287 286 285 284 283 282 281 280 279 278 277 278 279 280 281 282 283 284 285 286 287 288 289 290 291 292 293 294 295 294 293 292 291 
280 281 282 283 284 285 284 283 282 281 280 279 278 277 276 275 274 275 276 277 278 279 280 281 282 283 284 285 284 283 282 281 280 279 278 277 276 275 274 273 272 271 270 270 271 272 273 274 275 276 277 278 279 280 281 282 283 284 285 286 285 284 283 284 285 286 287 286 285 284 283 282 281 280 279 278 277 276 277 278 279 280 281 282 283 284 285 286 287 288 289 290 291 292 293 294 293 292 291 290 
281 282 283 284 285 286 285 284 283 282 281 280 279 278 277 276 275 276 277 278 279 280 281 282 283 284 285 286 285 284 283 282 281 280 279 278 277 276 275 274 273 272 271 271 272 273 274 275 276 277 278 279 280 281 282 283 284 285 286 287 286 285 284 283 284 285 286 285 284 283 282 281 280 279 278 277 276 275 276 277 278 279 280 281 282 283 284 285 286 287 288 289 290 291 292 293 292 291 290 289 
282 283 284 285 286 287 286 285 284 283 282 281 280 279 278 277 276 277 278 279 280 281 282 283 284 285 286 287 286 285 284 283 282 281 280 279 278 277 276 275 274 273 272 272 273 274 275 276 277 278 279 280 281 282 283 284 285 286 287 288 287 286 285 284 283 284 285 284 283 282 281 280 279 278 277 276 275 274 275 276 277 278 279 280 281 282 283 284 285 286 287 288 289 290 291 292 291 290 289 288 
283 284 285 286 287 288 287 286 285 284 283 282 281 280 279 278 277 278 279 280 281 282 283 284 285 286 287 288 287 286 285 284 283 282 281 280 279 278 277 276 275 274 273 273 274 275 276 277 278 279 280 281 282 283 284 285 286 287 288 289 288 287 286 285 284 283 284 283 282 281 280 279 278 277 276 275 274 273 274 275 276 277 278 279 280 281 282 283 284 285 286 287 288 289 290 291 290 289 288 287 
284 285 286 287 288 289 288 287 286 285 284 283 282 281 280 279 278 279 280 281 282 283 284 285 286 287 288 289 288 287 286 285 284 283 282 281 280 279 278 277 276 275 274 274 275 276 277 278 279 280 281 282 283 284 285 286 287 288 289 290 289 288 287 286 285 284 283 282 281 280 279 278 277 276 275 274 273 272 273 274 275 276 277 278 279 280 281 282 283 284 285 286 287 288 289 290 289 288 287 286 
285 286 287 288 289 290 289 288 287 286 285 284 283 282 281 280 279 280 281 282 283 284 285 286 287 288 289 290 289 288 287 286 285 284 283 282 281 280 279 278 277 276 275 275 276 277 278 279 280 281 282 283 284 285 286 287 288 289 290 291 290 289 288 287 286 285 284 283 282 281 280 279 278 277 276 275 274 273 272 273 274 275 276 277 278 279 280 281 282 283 284 285 286 287 288 289 288 287 286 285 
286 287 288 289 290 291 290 289 288 287 286 285 284 283 282 281 280 281 282 283 284 285 286 287 288 289 290 291 290 289 288 287 286 285 284 283 282 281 280 279 278 277 276 276 277 278 279 280 281 282 283 284 285 286 287 288 289 290 291 292 291 290 289 288 287 286 285 284 283 282 281 280 279 278 277 276 275 274 273 272 273 274 275 276 277 278 279 280 281 282 283 284 285 286 287 288 287 286 285 284 
287 288 289 290 291 292 291 290 289 288 287 286 285 284 283 282 281 282 283 284 285 286 287 288 289 290 291 292 291 290 289 288 287 286 285 284 283 282 281 280 279 278 277 277 278 279 280 281 282 283 284 285 286 287 288 289 290 291 292 293 292 291 290 289 288 287 286 285 284 283 282 281 280 279 278 277 276 275 274 273 272 273 274 275 276 277 278 279 280 281 282 283 284 285 286 287 286 285 284 283 
288 289 290 291 292 293 292 291 290 289 288 287 286 285 284 283 282 283 284 285 286 287 288 289 290 291 292 293 292 291 290 289 288 287 286 285 284 283 282 281 280 279 278 278 279 280 281 282 283 284 285 286 287 288 289 290 291 292 293 294 293 292 291 290 289 288 287 286 285 284 283 282 281 280 279 278 277 276 275 274 273 272 273 274 275 276 277 278 279 280 281 282 283 284 285 286 285 284 283 282 
289 290 291 292 293 294 293 292 291 290 289 288 287 286 285 284 283 284 285 286 287 288 289 290 291 292 293 294 293 292 291 290 289 288 287 286 285 284 283 282 281 280 279 279 280 281 282 283 284 285 286 287 288 289 290 291 292 293 294 295 294 293 292 291 290 289 288 287 286 285 284 283 282 281 280 279 278 277 276 275 274 273 272 273 274 275 276 277 278 279 280 281 282 283 284 285 284 283 282 281 
290 291 292 293 294 295 294 293 292 291 290 289 288 287 286 285 284 285 286 287 288 289 290 291 292 293 294 295 294 293 292 291 290 289 288 287 286 285 284 283 282 281 280 280 281 282 283 284 285 286 287 288 289 290 291 292 293 294 295 296 295 294 293 292 291 290 289 288 287 286 285 284 283 282 281 280 279 278 277 276 275 274 273 272 273 274 275 276 277 278 279 280 281 282 283 284 283 282 281 280 
291 292 293 294 295 296 295 294 293 292 291 290 289 288 287 286 285 286 287 288 289 290 291 292 293 294 295 296 295 294 293 292 291 290 289 288 287 286 285 284 283 282 281 281 282 283 284 285 286 287 288 289 290 291 292 293 294 295 296 297 296 295 294 293 292 291 290 289 288 287 286 285 284 283 282 281 280 279 278 277 276 275 274 273 272 273 274 275 276 277 278 279 280 281 282 283 282 281 280 279 
292 293 294 295 296 297 296 295 294 293 292 291 290 289 288 287 286 287 288 289 290 291 292 293 294 295 296 297 296 295 294 293 292 291 290 289 288 287 286 285 284 283 282 282 283 284 285 286 287 288 289 290 291 292 293 294 295 296 297 298 297 296 295 294 293 292 291 290 289 288 287 286 285 284 283 282 281 280 279 278 277 276 275 274 273 272 273 274 275 276 277 278 279 280 281 282 281 280 279 278 
293 294 295 296 297 298 297 296 295 294 293 292 291 290 289 288 287 288 289 290 291 292 293 294 295 296 297 298 297 296 295 294 293 292 291 290 289 288 287 286 285 284 283 283 284 285 286 287 288 289 290 291 292 293 294 295 296 297 298 299 298 297 296 295 294 293 292 291 290 289 288 287 286 285 284 283 282 281 280 279 278 277 276 275 274 273 272 273 274 275 276 277 278 279 280 281 280 279 278 277 
294 295 296 297 298 299 298 297 296 295 294 293 292 291 290 289 288 289 290 291 292 293 294 295 296 297 298 299 298 297 296 295 294 293 292 291 290 289 288 287 286 285 284 284 285 286 287 288 289 290 291 292 293 294 295 296 297 298 299 300 299 298 297 296 295 294 293 292 291 290 289 288 287 286 285 284 283 282 281 280 279 278 277 276 275 274 273 272 273 274 275 276 277 278 279 280 279 278 277 276 
295 296 297 298 299 300 299 298 297 296 295 294 293 292 291 290 289 290 291 292 293 294 295 296 297 298 299 300 299 298 297 296 295 294 293 292 291 290 289 288 287 286 285 284 284 285 286 287 288 289 290 291 292 293 294 295 296 297 298 299 298 297 296 295 294 293 292 291 290 289 288 287 286 285 284 283 282 281 280 279 278 277 276 275 274 273 272 271 272 273 274 275 276 277 278 279 278 277 276 275 
294 295 296 297 298 299 298 297 296 295 294 293 292 291 290 289 288 289 290 291 292 293 294 295 296 297 298 299 298 297 296 295 296 295 294 293 292 291 290 289 288 287 286 285 284 284 285 286 287 288 289 290 291 292 293 294 295 296 297 298 297 296 295 294 293 292 291 290 289 288 287 286 285 284 283 282 281 280 279 278 277 276 275 274 273 272 271 270 271 272 273 274 275 276 277 278 277 276 275 274 
293 294 295 296 297 298 297 296 295 294 293 292 291 290 289 288 287 288 289 290 291 292 293 294 295 296 297 298 297 296 295 296 297 296 295 294 293 292 291 290 289 288 287 286 285 284 284 285 286 287 288 289 290 291 292 293 294 295 296 297 296 295 294 293 292 291 290 289 288 287 286 285 284 283 282 281 280 279 278 277 276 275 274 273 272 271 270 269 270 271 272 273 274 275 276 277 276 275 274 273 
292 293 294 295 296 297 296 295 294 293 292 291 290 289 288 287 286 287 288 289 290 291 292 293 294 295 296 297 296 295 296 297 298 297 296 295 294 293 292 291 290 289 288 287 286 285 284 284 285 286 287 288 289 290 291 292 293 294 295 296 295 294 293 292 291 290 289 288 287 286 285 284 283 282 281 280 279 278 277 276 275 274 273 272 271 270 269 269 270 271 272 273 273 274 275 276 275 274 273 272 
291 292 293 294 295 296 295 294 293 292 291 290 289 288 287 286 286 287 288 289 290 291 291 292 293 294 295 296 295 296 297 298 299 298 297 296 295 294 293 292 291 290 289 288 287 286 285 284 284 285 286 287 288 289 290 291 292 293 294 295 294 293 292 291 290 289 288 287 286 285 284 283 282 281 280 279 278 277 276 275 274 273 272 271 270 269 269 270 271 272 273 274 273 273 274 275 274 273 272 271 
290 291 292 293 294 295 294 293 292 291 290 289 288 287 286 286 287 288 289 290 291 292 291 291 292 293 294 295 296 297 298 299 300 299 298 297 296 295 294 293 292 291 290 289 288 287 286 285 284 284 285 286 287 288 289 290 291 292 293 294 293 292 291 290 289 288 287 286 285 284 283 282 281 280 279 278 277 276 275 274 273 272 271 270 269 269 270 271 272 273 274 275 274 273 273 274 273 272 271 270 
289 290 291 292 293 294 293 292 291 290 289 288 287 286 286 287 288 289 290 291 292 293 292 291 291 292 293 294 295 296 297 298 299 298 297 296 295 294 293 292 291 290 289 288 287 286 285 284 283 283 284 285 286 287 288 289 290 291 292 293 292 291 290 289 288 287 286 285 284 283 282 281 280 279 278 277 276 275 274 273 272 271 270 269 269 270 271 272 273 274 275 276 275 274 273 273 272 271 270 269 
288 289 290 291 292 293 292 291 290 289 288 287 286 286 287 288 289 290 291 292 293 294 293 292 291 291 292 293 294 295 296 297 298 297 296 295 294 293 292 291 290 289 288 287 286 285 284 283 282 282 283 284 285 286 287 288 289 290 291 292 291 290 289 288 287 286 285 284 283 282 281 280 279 278 277 276 275 274 273 272 271 270 269 269 270 271 272 273 274 275 276 277 276 275 274 273 272 271 270 269 
287 288 289 290 291 292 291 290 289 288 289 288 287 287 288 289 290 291 292 293 294 295 294 293 292 291 291 292 293 294 295 296 297 296 295 294 293 292 291 290 289 288 287 286 285 284 283 282 281 281 282 283 284 285 286 287 288 289 290 291 290 289 288 287 286 285 284 283 282 281 280 279 278 277 276 275 274 273 272 271 270 269 269 270 271 272 273 274 275 276 277 278 277 276 275 274 273 272 271 270 
286 287 288 289 290 291 290 289 288 289 290 289 288 288 289 290 291 292 293 294 295 296 295 294 293 292 291 291 292 293 294 295 296 295 294 293 292 291 290 289 288 287 286 285 284 283 282 281 280 280 281 282 283 284 285 286 287 288 289 290 289 288 287 286 285 284 283 282 281 280 279 278 277 276 275 274 273 272 271 270 269 269 270 271 272 273 274 275 276 277 278 279 278 277 276 275 274 273 272 271 
285 286 287 288 289 290 289 288 289 290 291 290 289 289 290 291 292 293 294 295 296 297 296 295 294 293 292 291 291 292 293 294 295 294 293 292 291 290 289 290 289 288 287 286 285 284 283 282 281 280 280 281 282 283 284 285 286 287 288 289 288 287 286 285 284 283 282 281 280 279 278 277 276 275 274 273 272 271 270 269 269 270 271 272 273 274 275 276 277 278 279 280 279 278 277 276 275 274 273 272 
284 285 286 287 288 289 288 289 290 291 292 291 290 290 291 292 293 294 295 296 297 298 297 296 295 294 293 292 291 291 292 293 294 293 292 291 290 289 290 291 290 289 288 287 286 285 284 283 282 281 280 280 281 282 283 284 285 286 287 288 287 286 285 284 283 282 281 280 279 278 277 276 275 274 273 272 271 270 269 269 270 271 272 273 274 275 276 277 278 279 280 281 280 279 278 277 276 275 274 273 
283 284 285 286 287 288 289 290 291 292 293 292 291 291 292 293 294 295 296 297 298 299 298 297 296 295 294 293 292 291 291 292 293 292 291 290 289 290 291 292 291 290 289 288 287 286 285 284 283 282 281 280 280 281 282 283 284 285 286 287 286 285 284 283 282 281 280 279 278 277 276 275 274 273 272 271 270 269 269 270 271 272 273 274 275 276 277 278 279 280 281 282 281 280 279 278 277 276 275 274 
284 285 286 287 288 289 290 291 292 293 294 293 292 292 293 294 295 296 297 298 299 300 299 298 297 296 295 294 293 292 291 291 292 291 290 289 290 291 292 293 292 291 290 289 288 287 286 285 284 283 282 281 280 280 281 282 283 284 285 286 285 284 283 282 281 280 279 278 277 276 275 274 273 272 271 270 269 269 270 271 272 273 274 275 276 277 278 279 280 281 282 283 282 281 280 279 278 277 276 275 
285 286 287 288 289 290 291 292 293 294 295 294 293 292 292 293 294 295 296 297 298 299 298 297 296 295 294 293 292 291 290 290 291 290 289 290 291 292 293 294 293 292 291 290 289 288 287 286 285 284 283 282 281 280 280 281 282 283 284 285 284 283 282 281 280 279 278 277 276 275 274 273 272 271 270 269 269 270 271 272 273 274 275 276 277 278 279 280 281 282 283 284 283 282 281 280 279 278 277 276 
286 287 288 289 290 291 292 293 294 295 296 295 294 293 292 292 293 294 295 296 297 298 297 296 295 294 293 292 291 290 289 289 290 289 290 291 292 293 294 295 294 293 292 291 290 289 288 287 286 285 284 283 282 281 280 280 281 282 283 284 283 282 281 280 279 278 277 276 275 274 273 272 271 270 269 269 270 271 272 273 274 275 276 277 278 279 280 281 282 283 284 285 284 283 282 281 280 279 278 277 
287 288 289 290 291 292 293 294 295 296 297 296 295 294 293 292 292 293 294 295 296 297 296 295 294 294 293 292 291 290 289 288 289 290 291 292 293 294 295 296 295 294 293 292 291 290 289 288 287 286 285 284 283 282 281 280 280 281 282 283 282 281 280 279 278 277 276 275 274 273 272 271 270 269 269 270 271 272 273 274 275 276 277 278 279 280 281 282 283 284 285 286 285 284 283 282 281 280 279 278 
288 289 290 291 292 293 294 295 296 297 298 297 296 295 294 293 292 292 293 294 295 296 295 294 294 295 294 293 292 291 290 289 290 291 292 293 294 295 296 297 296 295 294 293 292 291 290 289 288 287 286 285 284 283 282 281 280 280 281 282 281 280 279 278 277 276 275 274 273 272 271 270 269 269 270 271 272 273 274 275 276 277 278 279 280 281 282 283 284 285 286 287 286 285 284 283 282 281 280 279 
289 290 291 292 293 294 295 296 297 298 299 298 297 296 295 294 293 292 292 293 294 295 294 294 295 296 295 294 293 292 291 290 291 292 293 294 295 296 297 298 297 296 295 294 293 292 291 290 289 288 287 286 285 284 283 282 281 280 280 281 280 279 278 277 276 275 274 273 272 271 270 269 269 270 271 272 273 274 275 276 277 278 279 280 281 282 283 284 285 286 287 288 287 286 285 284 283 282 281 280 
290 291 292 293 294 295 296 297 298 299 300 299 298 297 296 295 294 293 292 292 293 294 294 295 296 297 296 295 294 293 292 291 292 293 294 295 296 297 298 299 298 297 296 295 294 293 292 291 290 289 288 287 286 285 284 283 282 281 280 280 279 278 277 276 275 274 273 272 271 270 269 269 270 271 272 273 274 275 276 277 278 279 280 281 282 283 284 285 286 287 288 289 288 287 286 285 284 283 282 281 
289 290 291 292 293 294 295 296 297 298 299 298 297 296 295 294 293 292 291 292 293 294 295 296 297 298 297 296 295 294 293 292 293 294 295 296 297 298 299 300 299 298 297 296 295 294 293 292 291 290 289 288 287 286 285 284 283 282 281 280 279 278 277 276 275 274 273 272 271 270 269 270 271 272 273 274 275 276 277 278 279 280 281 282 283 284 285 286 287 288 289 290 289 288 287 286 285 284 283 282 
288 289 290 291 292 293 294 295 296 297 298 297 296 295 294 293 292 291 292 293 294 295 296 297 298 299 298 297 296 295 294 293 292 293 294 295 296 297 298 299 298 297 296 295 294 293 292 291 290 289 288 287 286 285 284 283 282 281 280 279 278 277 276 275 274 273 272 271 270 269 270 271 272 273 274 275 276 277 278 279 280 281 282 283 284 285 286 287 288 289 290 291 290 289 288 287 286 285 284 283 
287 288 289 290 291 292 293 294 295 296 297 296 295 294 293 292 291 292 293 294 295 296 297 298 299 300 299 298 297 296 295 294 293 292 293 294 295 296 297 298 297 296 295 294 293 292 291 290 289 288 287 286 285 284 283 282 281 280 279 278 277 276 275 274 273 272 271 270 269 270 271 272 273 274 275 276 277 278 279 280 281 282 283 284 285 286 287 288 289 290 291 292 291 290 289 288 287 286 285 284 
286 287 288 289 290 291 292 293 294 295 296 295 294 293 292 291 290 291 292 293 294 295 296 297 298 299 298 297 296 295 294 293 292 291 292 293 294 295 296 297 296 295 294 293 292 291 290 289 288 287 286 285 284 283 282 281 280 279 278 277 276 275 274 273 272 271 270 269 270 271 272 273 274 275 276 277 278 279 280 281 282 283 284 285 286 287 288 289 290 291 292 293 292 291 290 289 288 287 286 285 
285 286 287 288 289 290 291 292 293 294 295 294 293 292 291 290 289 290 291 292 293 294 295 296 297 298 297 296 295 294 293 292 291 290 291 292 293 294 295 296 295 294 293 292 291 290 289 288 287 286 285 284 283 282 281 280 279 278 277 276 275 274 273 272 271 270 269 270 271 272 273 274 275 276 277 278 279 280 281 282 283 284 285 286 287 288 289 290 291 292 293 294 293 292 291 290 289 288 287 286 
284 285 286 287 288 289 290 291 292 293 294 293 292 291 290 289 288 289 290 291 292 293 294 295 296 297 296 295 294 293 292 291 290 289 290 291 292 293 294 295 294 293 292 291 290 289 288 287 286 285 284 283 282 281 280 279 278 277 276 275 274 273 272 271 270 269 270 271 272 273 274 275 276 277 278 279 280 281 282 283 284 285 286 287 288 289 290 291 292 293 294 295 294 293 292 291 290 289 288 287 
283 284 285 286 287 288 289 290 291 292 293 292 291 290 289 288 287 288 289 290 291 292 293 294 295 296 295 294 293 292 291 290 289 288 289 290 291 292 293 294 293 292 291 290 289 288 287 286 285 284 283 282 281 280 279 278 277 276 275 275 274 273 272 271 270 270 271 272 273 274 275 276 277 278 279 280 281 282 283 284 285 286 287 288 289 290 291 292 293 294 295 296 295 294 293 292 291 290 289 288 
282 283 284 285 286 287 288 289 290 291 292 291 290 289 288 287 286 287 288 289 290 291 292 293 294 295 294 293 292 291 290 289 288 287 288 289 290 291 292 293 292 291 290 290 289 288 287 286 285 284 283 282 281 280 279 278 277 276 275 276 275 274 273 272 271 271 272 273 274 275 276 277 278 279 280 281 282 283 284 285 286 287 288 289 290 291 292 293 294 295 296 297 296 295 294 293 292 291 290 289 
281 282 283 284 285 286 287 288 289 290 291 290 289 288 287 286 287 286 287 288 289 290 291 292 293 294 293 292 291 290 289 288 287 286 287 288 289 290 291 292 291 290 290 291 290 289 288 287 286 285 284 283 282 281 280 279 278 277 276 277 276 275 274 273 272 272 273 274 275 276 277 278 279 280 281 282 283 284 285 286 287 288 289 290 291 292 293 294 295 296 297 298 297 296 295 294 293 292 291 290 
280 281 282 283 284 285 286 287 288 289 290 289 288 287 286 287 288 287 286 287 288 289 290 291 292 293 292 291 290 289 288 287 286 285 286 287 288 289 290 291 290 290 291 292 291 290 289 288 287 286 285 284 283 282 281 280 279 278 277 278 277 276 275 274 273 273 274 275 276 277 278 279 280 281 282 283 284 285 286 287 288 289 290 291 292 293 294 295 296 297 298 299 298 297 296 295 294 293 292 291 
279 280 281 282 283 284 285 286 287 288 289 288 287 286 287 288 289 288 287 286 287 288 289 290 291 292 291 290 289 288 287 286 285 284 285 286 287 288 289 290 290 291 292 293 292 291 290 289 288 287 286 285 284 283 282 281 280 279 278 279 278 277 276 275 274 274 275 276 277 278 279 280 281 282 283 284 285 286 287 288 289 290 291 292 293 294 295 296 297 298 299 300 299 298 297 296 295 294 293 292 
278 279 280 281 282 283 284 285 286 287 288 287 286 287 288 289 290 289 288 287 286 287 288 289 290 291 290 289 288 287 286 285 284 284 285 286 287 288 289 290 291 292 293 294 293 292 291 290 289 288 287 286 285 284 283 282 281 280 279 280 279 278 277 276 275 274 274 275 276 277 278 279 280 281 282 283 284 285 286 287 288 289 290 291 292 293 294 295 296 297 298 299 298 297 296 295 294 293 292 291 
277 278 279 280 281 282 283 284 285 286 287 286 287 288 289 290 291 290 289 288 287 286 287 288 289 290 289 288 287 286 285 284 284 285 286 287 288 289 290 291 292 293 294 295 294 293 292 291 290 289 288 287 286 285 284 283 282 281 280 281 280 279 278 277 276 275 274 274 275 276 277 278 279 280 281 282 283 284 285 286 287 288 289 290 291 292 293 294 295 296 297 298 297 296 295 294 293 292 291 290 
276 277 278 279 280 281 282 283 284 285 286 287 288 289 290 291 292 291 290 289 288 287 286 287 288 289 288 287 286 285 284 284 285 286 287 288 289 290 291 292 293 294 295 296 295 294 293 292 291 290 289 288 287 286 285 284 283 282 281 282 281 280 279 278 277 276 275 275 276 277 278 279 280 281 282 281 282 283 284 285 286 287 288 289 290 291 292 293 294 295 296 297 296 295 294 293 292 291 290 289 
277 278 279 280 281 282 283 284 285 286 287 288 289 290 291 292 293 292 291 290 289 288 287 286 287 288 287 286 285 284 284 285 286 287 288 289 290 291 292 293 294 295 296 297 296 295 294 293 292 291 290 289 288 287 286 285 284 283 282 283 282 281 280 279 278 277 276 276 277 278 279 280 281 282 283 282 281 282 283 284 285 286 287 288 289 290 291 292 293 294 295 296 295 294 293 292 291 290 289 288 
278 279 280 281 282 283 284 285 286 287 288 289 290 291 292 293 294 293 292 291 290 289 288 287 286 287 286 285 284 284 285 286 287 288 289 290 291 292 293 294 295 296 297 298 297 296 295 294 293 292 291 290 289 288 287 286 285 284 283 284 283 282 281 280 279 278 277 277 278 279 280 281 282 283 284 283 282 281 282 283 284 285 286 287 288 289 290 291 292 293 294 295 294 293 292 291 290 289 288 287 
279 280 281 282 283 284 285 286 287 288 289 290 291 292 293 294 295 294 293 292 291 290 289 288 287 286 285 284 284 285 286 287 288 289 290 291 292 293 294 295 296 297 298 299 298 297 296 295 294 293 292 291 290 289 288 287 286 285 284 285 284 283 282 281 280 279 278 278 279 280 281 282 283 284 285 284 283 282 281 282 283 284 285 286 287 288 289 290 291 292 293 294 293 292 291 290 289 288 287 286 
280 281 282 283 284 285 286 287 288 289 290 291 292 293 294 295 296 295 294 293 292 291 290 289 288 287 286 285 285 286 287 288 289 290 291 292 293 294 295 296 297 298 299 300 299 298 297 296 295 294 293 292 291 290 289 288 287 286 285 286 285 284 283 282 281 280 279 279 280 281 282 283 284 285 286 285 284 283 282 282 283 283 284 285 286 287 288 289 290 291 292 293 292 291 290 289 288 287 286 285 
281 282 283 284 285 286 287 288 289 290 291 292 293 294 295 296 297 296 295 294 293 292 291 290 289 288 287 286 286 287 288 289 290 291 292 291 292 293 294 295 296 297 298 299 298 297 296 295 294 293 292 291 290 289 288 287 286 285 286 287 286 285 284 283 282 281 280 280 281 282 283 284 285 286 287 286 285 284 283 283 284 283 283 284 285 286 287 288 289 290 291 292 291 290 289 288 287 286 285 284 
282 283 284 285 286 287 288 289 290 291 292 293 294 295 296 297 298 297 296 295 294 293 292 291 290 289 288 287 287 288 289 290 291 292 293 292 291 292 293 294 295 296 297 298 297 296 295 294 293 292 291 290 289 288 287 286 285 286 287 288 287 286 285 284 283 282 281 281 282 283 284 285 286 287 288 287 286 285 284 284 285 284 283 283 284 285 286 287 288 289 290 291 290 289 288 287 286 285 284 283 
283 284 285 286 287 288 289 290 291 292 293 294 295 296 297 298 299 298 297 296 295 294 293 292 291 290 289 288 288 289 290 291 292 293 294 293 292 291 292 293 294 295 296 297 296 295 294 293 292 291 290 289 288 287 286 285 286 287 288 289 288 287 286 285 284 283 282 282 283 284 285 286 287 288 289 288 287 286 285 285 286 285 284 283 283 284 285 286 287 288 289 290 289 288 287 286 285 284 283 282 
284 285 286 287 288 289 290 291 292 293 294 295 296 297 298 299 300 299 298 297 296 295 294 293 292 291 290 289 289 290 291 292 293 294 295 294 293 292 291 292 293 294 295 296 295 294 293 292 291 290 289 288 287 286 285 286 287 288 289 290 289 288 287 286 285 284 283 283 284 285 286 287 288 289 290 289 288 287 286 286 287 286 285 284 283 283 284 285 286 287 288 289 288 287 286 285 284 283 282 281 
283 284 285 286 287 288 289 290 291 292 293 294 295 296 297 298 299 298 297 296 295 294 293 292 291 290 289 289 290 291 292 293 294 295 296 295 294 293 292 291 292 293 294 295 294 293 292 291 290 289 288 287 286 285 286 287 288 289 290 291 290 289 288 287 286 285 284 284 285 286 287 288 289 290 291 290 289 288 287 287 288 287 286 285 284 283 283 284 285 286 287 288 287 286 285 284 283 282 281 280 
284 285 286 287 288 289 290 291 290 291 292 293 294 295 296 297 298 297 296 295 294 293 292 291 290 289 289 290 291 292 293 294 295 296 297 296 295 294 293 292 291 292 293 294 293 292 291 290 289 288 287 286 285 286 287 288 289 290 291 292 291 290 289 288 287 286 285 285 286 287 288 289 290 291 292 291 290 289 288 288 289 288 287 286 285 284 283 283 284 285 286 287 286 285 284 283 282 281 280 279 
285 286 287 288 289 290 291 292 291 290 291 292 293 294 295 296 297 296 295 294 293 292 291 290 289 289 290 291 292 293 294 295 296 297 298 297 296 295 294 293 292 291 292 293 292 291 290 289 288 287 286 285 286 287 288 289 290 291 292 293 292 291 290 289 288 287 286 286 287 288 289 290 291 292 293 292 291 290 289 289 290 289 288 287 286 285 284 283 283 284 285 286 285 284 283 282 281 280 279 278 
286 287 288 289 290 291 292 293 292 291 290 291 292 293 294 295 296 295 294 293 292 291 290 289 289 290 291 292 293 294 295 296 297 298 299 298 297 296 295 294 293 292 291 292 291 290 289 288 287 286 285 286 287 288 289 290 291 292 293 294 293 292 291 290 289 288 287 287 288 289 290 291 292 293 294 293 292 291 290 290 291 290 289 288 287 286 285 284 283 283 284 285 284 283 282 281 280 279 278 277 
287 288 289 290 291 292 293 294 293 292 291 290 291 292 293 294 295 294 293 292 291 290 289 289 290 291 292 293 294 295 296 297 298 299 300 299 298 297 296 295 294 293 292 291 290 289 288 287 286 285 286 287 288 289 290 291 292 293 294 295 294 293 292 291 290 289 288 288 289 290 291 292 293 294 295 294 293 292 291 291 292 291 290 289 288 287 286 285 284 283 283 284 283 282 281 280 279 278 277 276 
288 289 290 291 292 293 294 295 294 293 292 291 290 291 292 293 294 293 292 291 290 289 288 288 289 290 291 292 293 294 295 296 297 298 299 298 297 296 295 294 293 292 291 290 289 288 287 286 285 286 287 288 289 290 291 292 293 294 295 296 295 294 293 292 291 290 289 289 290 291 292 293 294 295 296 295 294 293 292 292 293 292 291 290 289 288 287 286 285 284 283 283 282 281 280 279 278 277 276 275 
289 290 291 292 293 294 295 296 295 294 293 292 291 290 291 292 293 292 291 290 289 288 287 287 288 289 290 291 292 293 294 295 296 297 298 297 296 295 294 293 292 291 290 289 288 287 286 285 286 287 288 289 290 291 292 293 294 295 296 297 296 295 294 293 292 291 290 290 291 292 293 294 295 296 297 296 295 294 293 293 294 293 292 291 290 289 288 287 286 285 284 283 282 281 280 279 278 277 276 275 
290 291 292 293 294 295 296 297 296 295 294 293 292 291 290 291 292 291 290 289 288 287 286 286 287 288 289 290 291 292 293 294 295 296 297 296 295 294 293 292 291 290 289 288 287 286 285 286 287 288 289 290 291 292 293 294 295 296 297 298 297 296 295 294 293 292 291 291 292 293 294 295 296 297 298 297 296 295 294 294 295 294 293 292 291 290 289 288 287 286 285 284 283 282 281 280 279 278 277 276 
291 292 293 294 295 296 297 298 297 296 295 294 293 292 291 290 291 290 289 288 287 286 285 285 286 287 288 289 290 291 292 293 294 295 296 295 294 293 292 291 290 289 288 287 286 285 286 287 288 289 290 291 292 293 294 295 296 297 298 299 298 297 296 295 294 293 292 292 293 294 295 296 297 298 299 298 297 296 295 295 296 295 294 293 292 291 290 289 288 287 286 285 284 283 282 281 280 279 278 277 
292 293 294 295 296 297 298 299 298 297 296 295 294 293 292 291 290 289 288 287 286 285 284 284 285 286 287 288 289 290 291 292 293 294 295 294 293 292 291 290 289 288 287 286 285 286 287 288 289 290 291 292 293 294 295 296 297 298 299 300 299 298 297 296 295 294 293 293 294 295 296 297 298 299 300 299 298 297 296 296 297 296 295 294 293 292 291 290 289 288 287 286 285 284 283 282 281 280 279 278 
293 294 295 296 297 298 299 300 299 298 297 296 295 294 293 292 291 290 289 288 287 286 285 284 284 285 286 287 288 289 290 291 292 293 294 293 292 291 290 289 288 287 286 285 284 285 286 287 288 289 290 291 292 293 294 295 296 297 298 299 298 297 296 295 294 293 292 292 293 294 295 296 297 298 299 298 297 296 296 297 298 297 296 295 294 293 292 291 290 289 288 287 286 285 284 283 282 281 280 279 
292 293 294 295 296 297 298 299 298 297 296 295 294 293 292 291 290 289 288 287 286 285 284 283 283 284 285 286 287 288 289 290 291 292 293 292 291 290 289 288 287 286 285 284 283 284 285 286 287 288 289 290 291 292 293 294 295 296 297 298 297 296 295 294 293 292 292 293 294 295 296 297 298 297 298 297 296 296 297 298 299 298 297 296 295 294 293 292 291 290 289 288 287 286 285 284 283 282 281 280 
291 292 293 294 295 296 297 298 297 296 295 294 293 292 291 290 289 288 287 286 285 284 283 282 282 283 284 285 286 287 288 289 290 291 292 291 290 289 288 287 286 285 284 283 282 283 284 285 286 287 288 289 290 291 292 293 294 295 296 297 296 295 294 293 292 292 293 294 295 296 297 298 299 298 297 296 296 297 298 299 300 299 298 297 296 295 294 293 292 291 290 289 288 287 286 285 284 283 282 281 
290 291 292 293 294 295 296 297 296 295 294 293 292 291 290 289 288 287 286 285 284 283 282 281 281 282 283 284 285 286 287 288 289 290 291 290 289 288 287 286 285 284 283 282 281 282 283 284 285 286 287 288 289 290 291 292 293 294 295 296 295 294 293 292 292 293 294 295 296 297 298 299 300 299 298 297 296 296 297 298 299 298 297 296 295 294 293 292 291 290 289 288 287 286 285 284 283 282 281 280 
289 290 291 292 293 294 295 296 295 294 293 292 291 290 289 288 287 286 285 284 283 282 281 280 280 281 282 283 284 285 286 287 288 289 290 289 288 287 286 285 284 283 282 281 280 281 282 283 284 285 286 287 288 289 290 291 292 293 294 295 294 293 292 292 293 294 295 296 297 298 297 298 299 298 297 296 295 295 296 297 298 297 296 295 294 293 292 291 290 289 288 287 286 285 284 283 282 281 280 279 
288 289 290 291 292 293 294 295 294 293 292 291 290 289 288 287 286 285 284 283 282 281 280 279 279 280 281 282 283 284 285 286 287 288 289 288 287 286 285 284 283 282 281 280 279 280 281 282 283 284 285 286 287 288 289 290 291 292 293 294 293 292 292 293 294 295 296 297 298 299 298 297 298 297 296 295 294 294 295 296 297 296 295 294 293 292 291 290 289 288 287 286 285 284 283 282 281 280 279 278 
287 288 289 290 291 292 293 294 293 292 291 290 289 288 287 286 285 284 283 282 281 280 279 278 278 279 280 281 282 283 284 285 286 287 288 287 286 285 284 283 282 281 280 279 278 279 280 281 282 283 284 285 286 287 288 289 290 291 292 293 292 292 293 294 295 296 297 298 299 300 299 298 297 296 295 294 293 293 294 295 296 295 294 293 292 291 290 289 288 287 286 285 284 283 282 281 280 279 278 277 
286 287 288 289 290 291 292 293 292 291 290 289 288 287 286 285 284 283 282 281 280 279 278 277 277 278 279 280 281 282 283 284 285 286 287 286 285 284 283 282 281 280 279 278 277 278 279 280 281 282 283 284 285 286 287 288 289 290 291 292 291 291 292 293 294 295 296 297 298 299 298 297 296 295 294 293 292 292 293 294 295 294 293 292 291 290 289 288 287 286 285 284 283 282 281 280 279 278 277 276 
285 286 287 288 289 290 291 292 291 290 289 288 287 286 285 284 283 282 281 280 279 278 277 276 276 277 278 279 280 281 282 283 284 285 286 285 284 283 282 281 280 279 278 277 276 277 278 279 280 281 282 283 284 285 286 287 288 289 290 291 290 290 291 292 293 294 295 296 297 298 297 296 295 294 293 292 291 291 292 293 294 293 292 291 290 289 288 287 286 285 284 283 282 281 280 279 278 277 276 275 
284 285 286 287 288 289 290 291 290 289 288 287 286 285 284 283 282 281 280 279 278 277 276 275 275 276 277 278 279 280 281 282 283 284 285 284 283 282 281 280 279 278 277 276 275 276 277 278 279 280 281 282 283 284 285 286 287 288 289 290 289 289 290 291 292 293 294 295 296 297 296 295 294 293 292 291 290 290 291 292 293 292 291 290 289 288 287 286 285 284 283 282 281 280 279 278 277 276 275 274 
